spawns: 
  default: 
    world: world
    x: -85.52191449382339
    y: 100.0
    z: 33.54949911878202
    yaw: -179.8491
    pitch: 34.95
