world: world
x: -72.61206784768586
y: 99.0
z: 20.682512288592225
yaw: -134.82191
pitch: 10.015285
name: Crates
