world: world_the_end
x: -7.382498632852237
y: 65.0
z: 24.477589181473036
yaw: -90.15991
pitch: 8.849942
name: End
