world: world
x: -111.57957414990749
y: 99.0
z: -0.029459642675667752
yaw: 180.61841
pitch: -2.3549796E-5
name: Help
