world: world
x: -98.30489609062074
y: 99.0
z: 20.791550133577594
yaw: 133.81842
pitch: 10.499958
name: Info
