world: KitPvP
x: 162.6992333721137
y: 6.0
z: -400.0006001987085
yaw: 88.800476
pitch: 29.550121
name: Koth
