world: world
x: -72.46175364589114
y: 99.0
z: 46.488723320597494
yaw: 314.97452
pitch: 5.3843117
name: SpawnerShop
