world: world
x: -98.32045300184653
y: 99.0
z: 46.52633712084624
yaw: 46.21847
pitch: 1.4999558
name: Staff
